,Linkage,Weight
166,"['pay', 'tax']",538.8439665493535
264,"['Clinton', 'say']",352.2106046870485
265,"['Clinton', 'campaign']",121.1107610932922
624,"[""'m"", 'person']",25.230501749719984
625,"[""'m"", 'onstage']",1.7558914771968088
627,"['person', 'onstage']",11.075505746933123
223,"['get', 'say']",5155.322692051044
256,"['tax', 'say']",2537.253651214685
274,"['say', 'campaign']",6398.4741598165665
235,"['pay', 'say']",1896.8652944699822
370,"['pay', 'make']",533.1597770082102
359,"['tax', 'make']",713.1563821841519
282,"['say', 'debate']",9024.804362132923
281,"['say', 'night']",2793.765318051351
283,"['campaign', 'North']",60.5553805466461
284,"['campaign', 'Carolina']",60.5553805466461
91,"['debate', 'tax']",1025.4732149933523
289,"['campaign', 'night']",800.5509570187488
285,"['campaign', 'today']",424.75887155691294
89,"['debate', 'pay']",766.6496217271012
86,"['debate', 'suggest']",546.4845479392962
291,"['North', 'Carolina']",2.0
292,"['North', 'today']",14.028773916455505
78,"['today', 'tax']",168.4340626882368
76,"['today', 'pay']",125.92226550425569
298,"['Carolina', 'today']",14.028773916455505
72,"['today', 'wealth']",12.567302091208385
66,"['today', 'debate']",599.1062276934133
278,"['say', 'refer']",620.8295906191748
267,"['Clinton', 'Carolina']",2.0
272,"['Clinton', 'night']",26.440291508104078
269,"['Clinton', 'refer']",8.813329047414738
482,"['Trump', 'debate']",85.4110603337434
478,"['Trump', 'think']",41.436955833943024
511,"['morning', 'say']",1080.49844198744
477,"['Trump', 'say']",140.8842418748194
515,"['morning', 'night']",202.78132884147885
170,"['tax', 'year']",407.33204584547303
167,"['pay', 'year']",304.5237596642469
219,"['get', 'pay']",328.4552800107443
523,"['say', 'think']",2918.9070541327187
160,"['probability', 'year']",16.41408661811751
159,"['probability', 'tax']",11.617657092297511
157,"['probability', 'pay']",8.68542667418456
221,"['get', 'tax']",439.3429311493952
222,"['get', 'Clinton']",36.59261407412569
528,"['think', 'debate']",1769.5871673897839
224,"['get', 'campaign']",1107.9398352276196
266,"['Clinton', 'North']",2.0
621,"['add', 'person']",104.27210301223683
268,"['Clinton', 'today']",14.028773916455505
620,"['add', ""'m""]",16.531118413195102
280,"['say', 'Monday']",140.8842418748194
622,"['add', 'onstage']",7.256712482565129
628,"['person', 'know']",206.6160855748464
315,"['Monday', 'night']",26.440291508104078
338,"['confront', 'say']",154.7792960138924
382,"['take', 'campaign']",1025.1464392132668
375,"['Clinton', 'take']",33.8581453855646
387,"['take', 'say']",2385.0395719663416
374,"['make', 'rest']",98.19221161422774
346,"['reason', 'say']",652.1209651793415
394,"['campaign', 'trail']",194.22339876982264
367,"['say', 'zero']",79.93834871867655
353,"['release', 'say']",1541.7360963433898
317,"['night', 'debate']",1129.1466666202202
316,"['Monday', 'debate']",85.4110603337434
629,"['onstage', 'know']",14.379239355264337
368,"['say', 'make']",2789.4316864174925
626,"[""'m"", 'know']",32.7565559534922
361,"['return', 'say']",1037.2309391860597
479,"['Trump', 'issue']",12.870143592753843
457,"['track', 'effort']",13.129621089895611
467,"['take', 'time']",281.1825379698346
466,"['take', 'lot']",110.65980354077645
465,"['say', 'effort']",544.6707592191971
464,"['say', 'time']",1170.0046839307167
463,"['say', 'lot']",460.45707318941425
462,"['everything', 'effort']",31.060859359089683
461,"['everything', 'time']",66.72168520510382
490,"['call', 'Monday']",13.916131912069751
460,"['everything', 'lot']",26.25841785914322
459,"['everything', 'take']",68.00565062177013
458,"['everything', 'say']",282.97251435209284
378,"['Clinton', 'prepare']",4.753978175675226
456,"['track', 'time']",28.20367701661624
376,"['Clinton', 'day']",12.803666127343327
455,"['track', 'lot']",11.099598788460646
454,"['track', 'take']",28.74641729364676
453,"['track', 'say']",119.61426595915385
452,"['track', 'everything']",6.821225170273615
491,"['call', 'night']",183.973292210177
451,"['keep', 'effort']",48.276699656233674
450,"['keep', 'time']",103.70295039058347
492,"['call', 'debate']",594.2957911770607
449,"['keep', 'lot']",40.81244944894828
448,"['keep', 'take']",105.69856847934217
447,"['keep', 'say']",439.8133009912199
377,"['Clinton', 'trail']",3.2073681482393033
488,"['call', 'think']",288.3210717098797
489,"['call', 'issue']",179.1026159640418
362,"['return', 'pay']",66.08392896364425
363,"['return', 'zero']",4.177397446405472
480,"['Trump', 'Monday']",1.0
481,"['Trump', 'night']",13.220145754052039
364,"['return', 'make']",145.76939592249133
476,"['Trump', 'point']",13.552163157849876
475,"['Trump', 'morning']",7.669405943551166
365,"['get', 'zero']",10.381406413729765
474,"['Trump', 'Friends']",1.0
483,"['call', 'Fox']",13.916131912069751
473,"['Trump', 'Fox']",1.0
472,"['Trump', 'call']",13.916131912069751
366,"['get', 'make']",362.2569700801172
484,"['call', 'Friends']",13.916131912069751
471,"['time', 'effort']",128.42714077816723
470,"['lot', 'effort']",50.54269113020193
469,"['lot', 'time']",108.57051596742943
485,"['call', 'morning']",106.7284647976698
445,"['keep', 'track']",10.6019680597302
369,"['pay', 'zero']",5.093022159888
371,"['zero', 'make']",11.234301218306303
486,"['call', 'point']",188.59369019853062
468,"['take', 'effort']",130.89854129530954
372,"['pay', 'rest']",22.257508498382098
373,"['tax', 'rest']",29.771721201869216
487,"['call', 'say']",980.2818471309639
446,"['keep', 'everything']",25.081168495126686
440,"['try', 'say']",678.2693164812746
444,"['try', 'effort']",74.45114552926877
443,"['try', 'time']",159.92815387799462
423,"['kind', 'get']",103.76609218753367
422,"['kind', 'trail']",18.190340721511337
395,"['campaign', 'prepare']",143.93947876923187
421,"['kind', 'campaign']",171.71758179193696
396,"['campaign', 'candidate']",526.5926450528228
420,"['kind', 'time']",94.19919655450259
397,"['campaign', 'face-off']",30.27769027332305
398,"['trail', 'prepare']",15.247758178085512
419,"['kind', 'spending']",18.619410553787347
418,"['kind', 'dig']",3.278604473007345
417,"['point', 'get']",247.95453815239253
416,"['point', 'trail']",43.466776452229865
415,"['point', 'campaign']",410.32819862691815
414,"['point', 'time']",225.09393756281622
413,"['point', 'spending']",44.492061396996284
412,"['point', 'dig']",7.834397930488613
411,"['point', 'kind']",76.86004660554151
410,"['debate', 'tell']",741.3982159882113
409,"['make', 'tell']",343.7326050980699
408,"['make', 'debate']",845.5463680499911
407,"['face-off', 'say']",70.4421209374097
406,"['candidate', 'say']",1225.1364768152184
405,"['candidate', 'face-off']",17.392100926430015
404,"['prepare', 'say']",334.88030558472065
403,"['prepare', 'face-off']",4.753978175675226
402,"['prepare', 'candidate']",82.68166823338917
401,"['trail', 'say']",225.9338149890688
400,"['trail', 'face-off']",3.2073681482393033
399,"['trail', 'candidate']",55.78287054239491
393,"['day', 'say']",901.9173977845347
392,"['day', 'face-off']",12.803666127343327
391,"['day', 'candidate']",222.68265351506847
381,"['take', 'day']",216.7541946039096
442,"['try', 'lot']",62.93996140925565
441,"['try', 'take']",163.00574728858376
439,"['try', 'everything']",38.679564654823544
438,"['try', 'track']",16.350095854361314
437,"['try', 'keep']",60.11816041813193
436,"['trail', 'get']",58.68299242108199
435,"['time', 'get']",303.89154453510463
434,"['time', 'trail']",53.27261170719893
433,"['time', 'campaign']",502.8956960263571
432,"['spending', 'get']",60.06719418514197
431,"['spending', 'trail']",10.529862938639079
379,"['Clinton', 'candidate']",17.392100926430015
380,"['Clinton', 'face-off']",1.0
383,"['take', 'trail']",54.29776853405772
390,"['day', 'prepare']",60.86834933802232
384,"['take', 'prepare']",80.48044211590648
430,"['spending', 'campaign']",99.40234919763567
429,"['spending', 'time']",54.529194578298316
385,"['take', 'candidate']",294.4321408637401
428,"['dig', 'get']",10.576949843148965
386,"['take', 'face-off']",16.9290726927823
427,"['dig', 'trail']",1.8541540630970204
426,"['dig', 'campaign']",17.50329237143951
425,"['dig', 'time']",9.601789526980026
424,"['dig', 'spending']",1.8978894490937277
494,"['Fox', 'morning']",7.669405943551166
388,"['day', 'campaign']",387.66543736673884
389,"['day', 'trail']",41.066070917531455
493,"['Fox', 'Friends']",1.0
0,"['Hillary_Clinton', 'come']",9.894768427042282
495,"['Fox', 'point']",13.552163157849876
603,"['surrogate', 'say']",177.43267791370792
605,"['suggest', 'say']",450.7089651614724
606,"['suggest', 'matter']",32.1822030311876
607,"['say', 'matter']",354.3108246995622
608,"[""'m"", 'go']",22.151982711793195
609,"[""'m"", 'show']",14.08507421868443
610,"['go', 'show']",312.0123205866215
611,"['get', 'go']",405.2994771746763
612,"['go', 'Clinton']",22.151982711793195
613,"['go', 'say']",1560.4326451875452
614,"['St.', 'Louis']",1.0
615,"['St.', 'Las']",1.0
616,"['St.', 'Vegas']",1.0
617,"['Louis', 'Las']",1.0
618,"['Louis', 'Vegas']",1.0
619,"['Las', 'Vegas']",1.0
623,"['add', 'know']",135.37562631890765
630,"['campaign', 'event']",252.73067539709896
604,"['surrogate', 'matter']",12.669316357930708
602,"['surrogate', 'suggest']",16.116285664792223
632,"['campaign', 'Trump']",30.27769027332305
601,"['month', 'matter']",46.14303004516821
584,"['Trump', 'remain']",4.410284153477797
585,"['Trump', 'month']",9.173902337351548
586,"['Trump', 'surrogate']",2.5188434923951695
587,"['Trump', 'suggest']",6.3982878306850415
588,"['Trump', 'matter']",5.029814832156741
589,"['remain', 'debate']",188.34352296082224
590,"['remain', 'month']",40.45951610397445
591,"['remain', 'surrogate']",11.108815539601087
592,"['remain', 'suggest']",28.218267429060067
593,"['remain', 'say']",310.6697697076245
594,"['remain', 'matter']",22.182912649188456
595,"['debate', 'month']",391.7763630157013
596,"['debate', 'surrogate']",107.56854675011037
597,"['debate', 'matter']",214.8009090484484
598,"['month', 'surrogate']",23.10762420230678
599,"['month', 'suggest']",58.69726768496947
600,"['month', 'say']",646.2291379157032
631,"['campaign', 'Raleigh']",30.27769027332305
633,"['campaign', 'wealth']",27.12345943807408
496,"['Fox', 'say']",70.4421209374097
654,"['Carolina', 'wealth']",0.8958232676675444
656,"['today', 'Trump']",7.014386958227752
657,"['Clinton', 'Trump']",1.0
658,"['Clinton', 'wealth']",0.8958232676675444
659,"['take', 'Trump']",16.9290726927823
660,"['take', 'wealth']",15.165457218229633
661,"['Trump', 'wealth']",0.8958232676675444
662,"['Mark', 'Cuban']",1.0
663,"['Mark', 'Clinton']",1.0
664,"['Mark', 'say']",70.4421209374097
665,"['Mark', 'refer']",4.406664523707369
666,"['Mark', 'billionaire']",3.86830256027461
667,"['Cuban', 'Clinton']",1.0
668,"['Cuban', 'say']",70.4421209374097
669,"['Cuban', 'refer']",4.406664523707369
670,"['Cuban', 'billionaire']",3.86830256027461
671,"['Clinton', 'billionaire']",3.86830256027461
672,"['say', 'billionaire']",272.49143677335564
655,"['today', 'take']",118.74706671114173
653,"['Carolina', 'Trump']",1.0
634,"['event', 'Raleigh']",8.34709230181187
652,"['Carolina', 'take']",16.9290726927823
635,"['event', 'North']",8.34709230181187
636,"['event', 'Carolina']",8.34709230181187
637,"['event', 'today']",58.54973538095245
638,"['event', 'Clinton']",8.34709230181187
639,"['event', 'take']",141.30853235073667
640,"['event', 'Trump']",8.34709230181187
641,"['event', 'wealth']",7.477519501331714
642,"['Raleigh', 'North']",1.0
643,"['Raleigh', 'Carolina']",1.0
644,"['Raleigh', 'today']",7.014386958227752
645,"['Raleigh', 'Clinton']",1.0
646,"['Raleigh', 'take']",16.9290726927823
647,"['Raleigh', 'Trump']",1.0
648,"['Raleigh', 'wealth']",0.8958232676675444
649,"['North', 'take']",16.9290726927823
650,"['North', 'Trump']",1.0
651,"['North', 'wealth']",0.8958232676675444
583,"['think', 'matter']",104.21010752649521
582,"['think', 'suggest']",132.5627851264756
581,"['think', 'surrogate']",52.18660327349672
518,"['point', 'think']",280.78019311310754
520,"['point', 'Monday']",13.552163157849876
521,"['point', 'night']",179.1615722294695
522,"['point', 'debate']",578.7523125639251
524,"['say', 'issue']",906.6002114425947
525,"['think', 'issue']",266.6497858147229
526,"['think', 'Monday']",20.718477916971512
527,"['think', 'night']",273.90129786447187
529,"['issue', 'Monday']",12.870143592753843
530,"['issue', 'night']",170.14517417178476
531,"['issue', 'debate']",549.6263054523197
532,"['say', 'work']",974.2887739621137
533,"['say', 'breathing']",25.89888797106912
534,"['say', 'sound']",92.21178122645823
535,"['say', 'sniffle']",37.982882578554644
536,"['work', 'breathing']",5.085152343662084
537,"['work', 'sound']",18.10544745939617
538,"['work', 'sniffle']",7.457800681602223
519,"['point', 'issue']",174.41828583395628
517,"['point', 'say']",954.6431161287691
580,"['think', 'month']",190.06929298887138
516,"['morning', 'debate']",327.52604688430944
497,"['Fox', 'think']",20.718477916971512
498,"['Fox', 'issue']",12.870143592753843
499,"['Fox', 'Monday']",1.0
500,"['Fox', 'night']",13.220145754052039
501,"['Fox', 'debate']",42.7055301668717
502,"['Friends', 'morning']",7.669405943551166
503,"['Friends', 'point']",13.552163157849876
504,"['Friends', 'say']",70.4421209374097
505,"['Friends', 'think']",20.718477916971512
506,"['Friends', 'issue']",12.870143592753843
360,"['return', 'get']",134.70275652653459
508,"['Friends', 'night']",13.220145754052039
509,"['Friends', 'debate']",42.7055301668717
510,"['morning', 'point']",103.93704067078897
512,"['morning', 'think']",158.8984176777549
513,"['morning', 'issue']",98.70635576462328
514,"['morning', 'Monday']",7.669405943551166
539,"['breathing', 'sound']",0.48128539294368744
540,"['breathing', 'sniffle']",0.1982458892325179
541,"['sound', 'sniffle']",0.7058452311687798
542,"['Clinton', 'react']",0.9363543716925653
563,"['plane', 'complain']",6.274373778366889
564,"['plane', 'night']",43.53060426468158
565,"['say', 'Anyone']",70.4421209374097
566,"['say', 'complain']",134.22838292425936
567,"['Anyone', 'complain']",1.9055130813498078
568,"['Anyone', 'night']",13.220145754052039
569,"['complain', 'night']",25.19116067169728
570,"['reporter', 'think']",142.67027893919243
571,"['reporter', 'Trump']",6.886137075847848
572,"['reporter', 'remain']",30.369821224287694
573,"['reporter', 'debate']",294.0761346258339
574,"['reporter', 'month']",63.17274901544372
575,"['reporter', 'surrogate']",17.34510156124045
576,"['reporter', 'suggest']",44.05948705282636
577,"['reporter', 'say']",485.07410068845485
578,"['reporter', 'matter']",34.635994400363955
579,"['think', 'remain']",91.37437484139913
562,"['plane', 'Anyone']",3.292747680284783
561,"['plane', 'say']",231.94813031099594
560,"['campaign', 'complain']",57.694534888874905
550,"['react', 'say']",65.95878789103996
543,"['Clinton', 'morning']",7.669405943551166
544,"['Clinton', 'plane']",3.292747680284783
545,"['Clinton', 'Anyone']",1.0
546,"['Clinton', 'complain']",1.9055130813498078
547,"['react', 'morning']",7.181281783529078
548,"['react', 'campaign']",28.3506476521795
549,"['react', 'plane']",3.08317868531521
551,"['react', 'Anyone']",0.9363543716925653
559,"['campaign', 'Anyone']",30.27769027332305
552,"['react', 'complain']",1.7842355040392635
553,"['react', 'night']",12.378741271219532
554,"['morning', 'campaign']",232.21189773922512
555,"['morning', 'plane']",25.25341862979043
556,"['morning', 'Anyone']",7.669405943551166
557,"['morning', 'complain']",14.614153351618713
558,"['campaign', 'plane']",99.69679441186561
507,"['Friends', 'Monday']",1.0
337,"['confront', 'get']",20.100825224774578
358,"['tax', 'zero']",6.812444251347772
114,"['season', 'tax']",20.431967559304137
107,"['season', 'question']",21.89456770979357
108,"['season', 'wealth']",1.5244820705347597
109,"['season', 'suggest']",10.888392199721247
110,"['season', 'probability']",0.823338327336546
111,"['season', 'GOP']",1.701766548779264
112,"['season', 'pay']",15.275055429490143
113,"['season', 'income']",4.233439935433991
115,"['season', 'year']",28.867445702054354
105,"['season', 'criticize']",6.752914998629304
116,"['criticize', 'post-performance']",3.9681794212451784
117,"['criticize', 'question']",51.053755337584455
118,"['criticize', 'wealth']",3.5547874558309607
119,"['criticize', 'suggest']",25.389554100927835
120,"['criticize', 'probability']",1.9198604001253585
121,"['criticize', 'GOP']",3.9681794212451784
122,"['criticize', 'pay']",35.61837589131297
106,"['season', 'post-performance']",1.701766548779264
104,"['general-election', 'year']",16.963223141718217
168,"['income', 'tax']",29.867827026717798
94,"['general-election', 'criticize']",3.9681794212451784
84,"['debate', 'question']",549.4402992536936
85,"['debate', 'wealth']",38.256607581561894
87,"['debate', 'probability']",20.66152951521748
88,"['debate', 'GOP']",42.7055301668717
90,"['debate', 'income']",106.2374254576831
92,"['debate', 'year']",724.4234376060234
93,"['general-election', 'season']",1.701766548779264
95,"['general-election', 'post-performance']",1.0
103,"['general-election', 'tax']",12.006328114723312
96,"['general-election', 'question']",12.865788039786834
97,"['general-election', 'wealth']",0.8958232676675444
98,"['general-election', 'suggest']",6.3982878306850415
99,"['general-election', 'probability']",0.4838139096852944
100,"['general-election', 'GOP']",1.0
101,"['general-election', 'pay']",8.975999346354216
102,"['general-election', 'income']",2.487673728497475
123,"['criticize', 'income']",9.871535696195945
124,"['criticize', 'tax']",47.64326414956246
125,"['criticize', 'year']",67.3131129889562
153,"['suggest', 'income']",15.916852543760276
146,"['wealth', 'pay']",8.040909065032777
147,"['wealth', 'income']",2.2285160083533113
148,"['wealth', 'tax']",10.755548084420145
149,"['wealth', 'year']",15.196049984987722
150,"['suggest', 'probability']",3.095580650655571
151,"['suggest', 'GOP']",6.3982878306850415
152,"['suggest', 'pay']",57.43102738601507
154,"['suggest', 'tax']",76.81994306764584
126,"['post-performance', 'question']",12.865788039786834
155,"['suggest', 'year']",108.53558419685055
156,"['probability', 'GOP']",0.4838139096852944
158,"['probability', 'income']",1.2035711526057569
161,"['GOP', 'pay']",8.975999346354216
162,"['GOP', 'income']",2.487673728497475
163,"['GOP', 'tax']",12.006328114723312
164,"['GOP', 'year']",16.963223141718217
145,"['wealth', 'GOP']",0.8958232676675444
144,"['wealth', 'probability']",0.43341175751729066
143,"['wealth', 'suggest']",5.731735111961758
142,"['question', 'year']",218.24523341295347
127,"['post-performance', 'wealth']",0.8958232676675444
128,"['post-performance', 'suggest']",6.3982878306850415
129,"['post-performance', 'probability']",0.4838139096852944
130,"['post-performance', 'GOP']",1.0
131,"['post-performance', 'pay']",8.975999346354216
132,"['post-performance', 'income']",2.487673728497475
133,"['post-performance', 'tax']",12.006328114723312
134,"['post-performance', 'year']",16.963223141718217
135,"['question', 'wealth']",11.525472282919852
136,"['question', 'suggest']",82.31901504714125
137,"['question', 'probability']",6.224647212711568
138,"['question', 'GOP']",12.865788039786834
139,"['question', 'pay']",115.48330503545851
140,"['question', 'income']",32.00588290299473
141,"['question', 'tax']",154.4708726601636
83,"['debate', 'post-performance']",42.7055301668717
82,"['debate', 'criticize']",169.46320598154543
81,"['debate', 'season']",72.674842685866
28,"['come', 'suggest']",63.3095764141912
21,"['come', 'debate']",422.56133155526373
22,"['come', 'general-election']",9.894768427042282
23,"['come', 'season']",16.83858591705777
24,"['come', 'criticize']",39.2642164501757
25,"['come', 'post-performance']",9.894768427042282
26,"['come', 'question']",127.30399328510097
27,"['come', 'wealth']",8.863963785126664
29,"['come', 'probability']",4.787226598117937
38,"['swing', 'general-election']",2.8252505739868927
30,"['come', 'GOP']",9.894768427042282
31,"['come', 'pay']",88.81543493345785
32,"['come', 'income']",24.614955465519365
33,"['come', 'tax']",118.7998363542743
34,"['come', 'year']",167.8471647635464
35,"['swing', 'Donald_Trump']",2.8252505739868927
36,"['swing', 'today']",19.81740077989913
20,"['come', 'today']",69.40573460932912
19,"['come', 'Donald_Trump']",9.894768427042282
18,"['come', 'swing']",27.95520017796859
17,"['Hillary_Clinton', 'year']",16.963223141718217
2,"['Hillary_Clinton', 'Donald_Trump']",1.0
3,"['Hillary_Clinton', 'today']",7.014386958227752
4,"['Hillary_Clinton', 'debate']",42.7055301668717
5,"['Hillary_Clinton', 'general-election']",1.0
6,"['Hillary_Clinton', 'season']",1.701766548779264
7,"['Hillary_Clinton', 'criticize']",3.9681794212451784
8,"['Hillary_Clinton', 'post-performance']",1.0
9,"['Hillary_Clinton', 'question']",12.865788039786834
10,"['Hillary_Clinton', 'wealth']",0.8958232676675444
11,"['Hillary_Clinton', 'suggest']",6.3982878306850415
12,"['Hillary_Clinton', 'probability']",0.4838139096852944
13,"['Hillary_Clinton', 'GOP']",1.0
14,"['Hillary_Clinton', 'pay']",8.975999346354216
15,"['Hillary_Clinton', 'income']",2.487673728497475
16,"['Hillary_Clinton', 'tax']",12.006328114723312
37,"['swing', 'debate']",120.65382361636883
39,"['swing', 'season']",4.807916918730309
80,"['debate', 'general-election']",42.7055301668717
68,"['today', 'season']",11.936849085705521
60,"['Donald_Trump', 'probability']",0.4838139096852944
61,"['Donald_Trump', 'GOP']",1.0
62,"['Donald_Trump', 'pay']",8.975999346354216
63,"['Donald_Trump', 'income']",2.487673728497475
64,"['Donald_Trump', 'tax']",12.006328114723312
65,"['Donald_Trump', 'year']",16.963223141718217
67,"['today', 'general-election']",7.014386958227752
69,"['today', 'criticize']",27.83434598028993
40,"['swing', 'criticize']",11.211101187555917
70,"['today', 'post-performance']",7.014386958227752
71,"['today', 'question']",90.24561583360337
73,"['today', 'suggest']",44.88006671454449
74,"['today', 'probability']",3.3936579783057086
75,"['today', 'GOP']",7.014386958227752
77,"['today', 'income']",17.449506157498494
79,"['today', 'year']",118.98661117477546
59,"['Donald_Trump', 'suggest']",6.3982878306850415
58,"['Donald_Trump', 'wealth']",0.8958232676675444
57,"['Donald_Trump', 'question']",12.865788039786834
56,"['Donald_Trump', 'post-performance']",1.0
41,"['swing', 'post-performance']",2.8252505739868927
42,"['swing', 'question']",36.34907504420145
43,"['swing', 'wealth']",2.5309252011685435
44,"['swing', 'suggest']",18.076766366176265
45,"['swing', 'probability']",1.3668955260412208
46,"['swing', 'GOP']",2.8252505739868927
47,"['swing', 'pay']",25.359447305393225
48,"['swing', 'income']",7.028301629329604
49,"['swing', 'tax']",33.920885397597004
50,"['swing', 'year']",47.92535591780713
51,"['Donald_Trump', 'today']",7.014386958227752
52,"['Donald_Trump', 'debate']",42.7055301668717
53,"['Donald_Trump', 'general-election']",1.0
54,"['Donald_Trump', 'season']",1.701766548779264
55,"['Donald_Trump', 'criticize']",3.9681794212451784
165,"['pay', 'income']",22.32935776093589
169,"['income', 'year']",42.19896456029281
357,"['tax', 'return']",88.39409447705073
303,"['Carolina', 'debate']",42.7055301668717
295,"['North', 'Monday']",1.0
296,"['North', 'night']",13.220145754052039
297,"['North', 'debate']",42.7055301668717
299,"['Carolina', 'refer']",4.406664523707369
300,"['Carolina', 'exchange']",3.195641769096185
301,"['Carolina', 'Monday']",1.0
302,"['Carolina', 'night']",13.220145754052039
304,"['today', 'refer']",30.91005016437788
293,"['North', 'refer']",4.406664523707369
305,"['today', 'exchange']",22.41546794831614
306,"['today', 'Monday']",7.014386958227752
307,"['today', 'night']",92.73121796309262
308,"['refer', 'exchange']",14.082121214353615
309,"['refer', 'Monday']",4.406664523707369
310,"['refer', 'night']",58.256747292621725
311,"['refer', 'debate']",188.18894475246836
294,"['North', 'exchange']",3.195641769096185
290,"['campaign', 'debate']",1293.0248153505952
171,"['brag', 'game']",1.093218274703879
270,"['Clinton', 'exchange']",3.195641769096185
257,"['tax', 'campaign']",363.5238839774831
258,"['tax', 'North']",12.006328114723312
259,"['tax', 'Carolina']",12.006328114723312
260,"['tax', 'refer']",52.9078601631416
261,"['tax', 'exchange']",38.36792361688367
262,"['tax', 'Monday']",12.006328114723312
263,"['tax', 'night']",158.72540764761501
271,"['Clinton', 'Monday']",1.0
288,"['campaign', 'Monday']",30.27769027332305
273,"['Clinton', 'debate']",42.7055301668717
275,"['say', 'North']",70.4421209374097
276,"['say', 'Carolina']",70.4421209374097
277,"['say', 'today']",494.10829441326865
279,"['say', 'exchange']",225.10778397131133
286,"['campaign', 'refer']",133.42362358725237
287,"['campaign', 'exchange']",96.75665170918843
312,"['exchange', 'Monday']",3.195641769096185
313,"['exchange', 'night']",42.246849965188275
314,"['exchange', 'debate']",136.47157597265237
347,"['reason', 'pay']",41.54785005972943
339,"['confront', 'pay']",9.86127931244649
340,"['confront', 'zero']",0.6233661294679983
341,"['confront', 'make']",21.75222858176462
342,"['reason', 'release']",50.6539555148902
343,"['reason', 'tax']",55.574549532587795
344,"['reason', 'return']",34.0783678716544
345,"['reason', 'get']",84.68942477490474
348,"['reason', 'zero']",2.626385650263551
318,"['fact', 'think']",199.96575069332505
349,"['reason', 'make']",91.64716898743876
350,"['release', 'tax']",131.38864356070934
351,"['release', 'return']",80.56764412987293
352,"['release', 'get']",200.22166151048484
354,"['release', 'pay']",98.22689896947502
355,"['release', 'zero']",6.209267568657362
356,"['release', 'make']",216.67107193334704
1,"['Hillary_Clinton', 'swing']",2.8252505739868927
336,"['confront', 'return']",8.088416214354538
335,"['confront', 'tax']",13.190481693189438
334,"['confront', 'release']",12.022590889648177
319,"['fact', 'probability']",4.669561732951577
320,"['fact', 'pay']",86.63244735976635
321,"['fact', 'tax']",115.87986454180424
322,"['fact', 'lot']",63.08912383627134
323,"['fact', 'year']",163.7216625326257
324,"['think', 'probability']",10.023887803738422
325,"['think', 'pay']",185.96904424019056
326,"['think', 'tax']",248.75284390880913
327,"['think', 'lot']",135.42990437588915
328,"['think', 'year']",351.45216406234897
329,"['probability', 'lot']",3.1625330676792394
330,"['pay', 'lot']",58.67316788551454
331,"['tax', 'lot']",78.48143454353753
332,"['lot', 'year']",110.88303384043068
333,"['confront', 'reason']",5.085295462374313
255,"['tax', 'Clinton']",12.006328114723312
254,"['share', 'debate']",177.466815350724
253,"['share', 'night']",54.93754921848504
198,"['game', 'today']",19.959460553412605
191,"['game', 'share']",11.824754064633728
192,"['game', 'tax']",34.164045101055535
193,"['game', 'Clinton']",2.8455032025286986
194,"['game', 'say']",200.4432807203132
195,"['game', 'campaign']",86.15526463791277
196,"['game', 'North']",2.8455032025286986
197,"['game', 'Carolina']",2.8455032025286986
199,"['game', 'refer']",12.539178014678921
208,"['system', 'Clinton']",5.243665060878068
200,"['game', 'exchange']",9.09320888809767
201,"['game', 'Monday']",2.8455032025286986
202,"['game', 'night']",37.617967081051255
203,"['game', 'debate']",121.51872285551936
204,"['system', 'get']",95.93970595334397
205,"['system', 'pay']",47.06713415894198
206,"['system', 'share']",21.79053943326934
190,"['game', 'pay']",25.541234885946427
189,"['game', 'get']",52.06220026841069
188,"['game', 'system']",14.920865723716386
187,"['brag', 'debate']",16.407103660207905
172,"['brag', 'system']",2.014571786770047
173,"['brag', 'get']",7.029286487794263
174,"['brag', 'pay']",3.4485030663273464
175,"['brag', 'share']",1.596543817577642
176,"['brag', 'tax']",4.612729760923232
177,"['brag', 'Clinton']",0.38419154606200207
178,"['brag', 'say']",27.063267350829957
179,"['brag', 'campaign']",11.632432637294425
180,"['brag', 'North']",0.38419154606200207
181,"['brag', 'Carolina']",0.38419154606200207
182,"['brag', 'today']",2.694868170158664
183,"['brag', 'refer']",1.6930032563397102
184,"['brag', 'exchange']",1.2277385519293749
185,"['brag', 'Monday']",0.38419154606200207
186,"['brag', 'night']",5.079068236414265
207,"['system', 'tax']",62.95716324461267
209,"['system', 'say']",369.37488837364265
252,"['share', 'Monday']",4.155593307407099
243,"['share', 'tax']",49.89341676007789
236,"['pay', 'campaign']",271.7725281024631
237,"['pay', 'North']",8.975999346354216
238,"['pay', 'Carolina']",8.975999346354216
239,"['pay', 'refer']",39.55421788439966
240,"['pay', 'exchange']",28.68407843058959
241,"['pay', 'Monday']",8.975999346354216
242,"['pay', 'night']",118.66401964707858
244,"['share', 'Clinton']",4.155593307407099
210,"['system', 'campaign']",158.76606661031178
245,"['share', 'say']",292.72880632706125
246,"['share', 'campaign']",125.8217670635663
247,"['share', 'North']",4.155593307407099
248,"['share', 'Carolina']",4.155593307407099
249,"['share', 'today']",29.14893949917489
250,"['share', 'refer']",18.312305602706637
251,"['share', 'exchange']",13.27978754852669
234,"['pay', 'Clinton']",8.975999346354216
233,"['pay', 'share']",37.30060281100008
232,"['get', 'debate']",781.3534921136343
231,"['get', 'night']",241.87984579085884
211,"['system', 'North']",5.243665060878068
212,"['system', 'Carolina']",5.243665060878068
213,"['system', 'today']",36.781095816337654
214,"['system', 'refer']",23.107072797975224
215,"['system', 'exchange']",16.756875091692244
216,"['system', 'Monday']",5.243665060878068
217,"['system', 'night']",69.32201639023822
218,"['system', 'debate']",223.93349644229943
220,"['get', 'share']",76.03201107348377
225,"['get', 'North']",18.296307037062846
226,"['get', 'Carolina']",18.296307037062846
227,"['get', 'today']",128.33737746450427
228,"['get', 'refer']",80.62568713508233
229,"['get', 'exchange']",58.468442987846494
230,"['get', 'Monday']",18.296307037062846
673,"['refer', 'billionaire']",17.046311659328513
